291.3
279.3
256.8
258.9
272.5
252.5
266.2
245.2
246.0
226.8
236.7
241.1
261.8
233.5
231.2
248.4
234.8
228.7
231.0
227.4
215.3
219.1
217.7
194.4
211.4
202.6
197.5
202.6
184.0
214.7
211.0
216.9
200.2
206.0
190.6
205.4
198.6
201.0
185.9
196.2
182.1
189.1
184.3
185.9
181.1
176.2
209.0
210.3
373.9
376.5
181.8
159.1
161.5
167.2
179.3
166.9
168.8
174.0
171.8
165.8
158.9
154.4
356.1
174.5
175.3
169.3
345.1
331.0
173.7
163.8
158.2
174.1
167.5
164.1
171.8
144.4
162.0
158.3
321.4
314.4
310.5
123.7
139.7
158.6
164.2
156.5
156.3
152.8
160.9
158.4
161.3
157.5
144.5
144.4
148.1
145.4
146.9
141.2
133.9
133.8
135.1
135.1
124.8
128.5
127.4
126.0
116.0
115.6
321.3
132.2
110.1
117.0
116.3
294.6
293.4
282.3
138.2
136.6
130.0
137.5
137.3
139.7
111.0
112.7
134.2
114.8
131.9
134.5
132.9
110.1
113.0
103.5
286.5
265.5
269.2
116.6
114.5
112.2
100.0
97.6
102.0
82.7
109.6
91.8
105.2
273.9
254.5
224.7
269.1
127.4
133.3
124.5
129.3
105.5
117.6
83.8
87.8
76.5
110.9
100.2
124.0
112.1
117.7
102.2
94.1
94.6
92.9
257.3
142.1
116.2
119.8
115.5
117.3
118.6
109.6
107.8
109.7
109.2
107.1
98.9
147.3
142.6
135.4
140.2
138.3
136.6
127.9
140.5
129.0
131.3
133.5
131.4
98.2
57.1
87.8
78.5
63.9
69.9
76.3
75.8
57.2
49.7
83.4
71.0
77.3
59.8
48.5
56.6
34.5
48.9
98.1
262.9
94.4
87.6
78.3
71.9
100.3
96.5
262.2
265.5
103.1
102.8
126.5
127.7
73.1
82.5
78.9
75.6
77.1
80.4
75.1
44.7
75.8
68.1
72.1
52.8
45.9
48.2
26.0
41.7
37.9
26.2
214.1
259.5
243.0
94.3
81.5
95.9
81.1
45.6
42.0
69.2
100.1
87.9
136.6
132.9
72.4
81.7
82.0
79.3
54.7
84.2
75.8
42.8
26.3
252.7
241.1
135.5
224.4
69.1
67.0
66.5
68.0
64.1
63.3
35.7
32.0
29.6
30.2
29.0
30.5
26.3
26.1
62.1
90.3
88.4
128.4
126.9
59.8
71.4
64.4
63.2
73.3
57.2
57.7
170.5
81.6
79.2
82.5
88.8
125.3
138.7
26.1
23.5
25.9
25.8
25.5
22.9
24.2
80.4
62.5
58.3
58.5
56.8
206.2
38.8
23.6
78.1
16.4
22.6
21.2
19.1
48.8
35.1
41.9
45.8
51.9
48.3
39.7
56.8
41.3
32.2
51.0
33.8
31.3
18.3
13.3
13.0
27.5
22.7
25.3
28.5
19.6
21.2
126.7
128.5
126.2
120.6
125.1
124.4