376.5
373.9
356.1
344.9
334.1
334.0
322.4
321.6
321.3
314.2
310.5
309.1
306.1
304.7
303.2
297.3
294.1
293.0
290.7
286.5
284.9
284.7
282.3
275.6
274.9
273.9
272.1
271.3
269.4
269.1
266.9
265.5
265.4
264.8
264.0
262.9
262.2
259.9
259.5
259.4
258.9
257.5
257.4
256.1
254.6
254.6
252.7
246.1
245.3
244.7
244.0
243.6
243.1
243.0
242.1
241.5
241.3
241.0
240.7
238.0
236.2
235.0
233.4
232.8
228.6
228.2
227.5
226.8
225.8
225.4
224.9
224.5
221.6
217.9
216.4
215.1
214.6
214.1
213.5
212.4
212.3
211.3
210.1
208.9
206.2
205.8
205.5
205.5
204.4
204.2
200.3
199.5
199.2
198.8
196.9
196.3
194.9
193.7
193.1
192.8
192.7
192.3
191.8
190.5
190.4
187.6
182.2
181.0
179.9
178.0
175.9
173.8
173.7
172.5
172.3
172.2
170.4
170.3
169.8
168.5
168.3
167.0
164.1
163.4
161.7
161.3
160.4
160.1
158.4
157.8
156.0
155.9
155.8
154.0
153.2
152.1
152.1
150.2
149.2
148.3
147.3
147.1
146.5
146.2
144.2
142.9
142.6
142.4
141.9
141.7
141.1
140.5
140.3
140.3
140.2
139.3
139.2
139.2
139.1
139.1
138.7
138.3
136.6
136.6
136.4
136.1
135.5
135.4
135.1
133.5
132.9
131.4
131.3
131.1
130.2
129.4
129.0
128.6
128.5
127.9
127.7
127.2
126.9
126.7
126.5
126.2
125.5
125.1
124.9
124.4
123.7
123.7
123.3
123.3
122.9
122.4
122.3
122.1
121.5
121.1
121.1
119.8
119.6
119.5
119.2
119.1
119.1
118.7
118.6
118.1
118.1
117.6
117.0
116.7
115.3
114.6
114.3
114.0
113.4
111.1
110.6
110.1
110.1
110.0
109.9
109.6
107.8
106.1
101.7
101.3
100.5
100.4
100.1
99.5
99.4
98.9
98.9
98.1
96.3
96.0
95.8
95.3
95.3
94.5
94.1
93.4
93.2
92.5
91.6
91.0
90.6
90.6
90.4
90.4
89.5
89.1
89.1
89.1
88.9
88.4
87.9
87.0
86.7
86.2
83.7
83.6
82.8
82.6
82.5
82.1
81.8
81.7
81.4
80.8
80.3
79.6
79.4
79.2
79.2
78.4
78.1
78.0
77.2
76.9
76.8
76.5
76.4
75.4
75.1
74.5
73.8
71.7
71.6
71.1
71.0
71.0
70.3
69.7
69.1
68.5
67.8
67.6
67.3
66.6
65.9
65.8
65.8
65.5
64.9
64.9
64.6
64.6
62.6
62.4
61.9
61.9
61.4
61.0
60.3
59.5
59.1
59.1
56.9
56.0
55.6
55.3
55.1
54.6
54.6
54.4
54.1
53.6
53.1
52.1
52.0
51.4
51.3
51.0
50.8
50.6
50.5
48.8
47.8
47.3
45.5
44.3
44.1
43.8
43.7